15
24 24
#--------------------------------
# Explosion Animation 1
#--------------------------------
#--------------------------------
# Outer
#--------------------------------
# Outer tri 1
3
6 0
1.0 1.0 0.0 0.9
0 0
1.0 0.7 0.0 0.9
2 8
1.0 0.7 0.0 0.9
6 6

# Outer tri 2
3
0 8
1.0 1.0 0.0 0.9
0 0
1.0 0.7 0.0 0.9
8 4
1.0 0.7 0.0 0.9
8 0

# Outer tri 3
3
2 12
1.0 1.0 0.0 0.9
0 6
1.0 0.7 0.0 0.9
8 4
1.0 0.7 0.0 0.9
6 0

# Outer tri 4
3
10 16
1.0 0.7 0.0 0.9
0 0
1.0 1.0 0.0 0.9
2 8
1.0 0.7 0.0 0.9
4 0


# Outer tri 5
3
14 12
1.0 0.7 0.0 0.9
2 0
1.0 1.0 0.0 0.9
8 6
1.0 0.7 0.0 0.9
0 4

# Outer tri 6
3
16 8
1.0 0.7 0.0 0.9
0 0
1.0 1.0 0.0 0.9
8 0
1.0 0.7 0.0 0.9
0 4

# Outer tri 7
3
12 0
1.0 0.7 0.0 0.9
0 6
1.0 1.0 0.0 0.9
4 8
1.0 0.7 0.0 0.9
6 0

# Outer poly
9
8 6
1.0 0.7 0.0 0.9
0 2
1.0 0.7 0.0 0.9
0 6
1.0 0.7 0.0 0.9
2 10
1.0 0.7 0.0 0.9
6 10
1.0 0.7 0.0 0.9
8 6
1.0 0.7 0.0 0.9
8 2
1.0 0.7 0.0 0.9
4 0
1.0 0.7 0.0 0.9
4 4
1.0 0.7 0.0 0.9
4 0

#--------------------------------
# Inner
#--------------------------------
# Inner tri 1
3
10 8
1.0 0.0 0.0 0.9
0 0
1.0 0.0 0.0 0.9
1 2
1.0 0.0 0.0 0.9
2 1

# Inner tri 2
3
9 10
1.0 0.0 0.0 0.9
0 0
1.0 0.0 0.0 0.9
2 2
1.0 0.0 0.0 0.9
2 0

# Inner tri 3
3
10 12
1.0 0.0 0.0 0.9
0 2
1.0 0.0 0.0 0.9
2 1
1.0 0.0 0.0 0.9
1 0

# Inner tri 4
3
12 12
1.0 0.0 0.0 0.9
0 1
1.0 0.0 0.0 0.9
2 2
1.0 0.0 0.0 0.9
1 0

# Inner tri 5
3
13 10
1.0 0.0 0.0 0.9
0 0
1.0 0.0 0.0 0.9
0 2
1.0 0.0 0.0 0.9
2 0

# Inner tri 6
3
12 8
1.0 0.0 0.0 0.9
0 1
1.0 0.0 0.0 0.9
1 2
1.0 0.0 0.0 0.9
2 0

# Inner poly
6
11 9
1.0 0.0 0.0 0.9
0 1
1.0 0.0 0.0 0.9
0 3
1.0 0.0 0.0 0.9
1 4
1.0 0.0 0.0 0.9
2 3
1.0 0.0 0.0 0.9
2 1
1.0 0.0 0.0 0.9
1 0
