6
70 28
#--------------------------------
# Ship Animation 1
#--------------------------------
# tail
4
14 18
1.0 1.0 1.0 0.0
0 10
1.0 1.0 1.0 0.0
8 10
0.5 0.5 0.5 0.0
16 0
0.1 0.1 0.1 0.0
0 0

# window
4
40 18
1.0 1.0 1.0 0.0
4 4
1.0 1.0 1.0 0.0
10 4
0.0 0.0 1.0 0.0
16 0
0.0 0.0 1.0 0.0
0 0

# body
5
14 10
0.5 0.5 0.5 0.0
0 8
0.5 0.5 0.5 0.0
42 8
1.0 1.0 1.0 0.0
56 4
0.75 0.75 0.75 0.0
42 0
0.1 0.1 0.1 0.0
0 0

# wing
4
18 0
0.1 0.1 0.1 0.0
0 14
0.5 0.5 0.5 0.0
24 14
1.0 1.0 1.0 0.0
8 0
0.75 0.75 0.75 0.0
0 0

# fire outer
9
0 9
1.0 1.0 0.0 0.8
0 5
1.0 1.0 0.0 0.8
4 8
1.0 1.0 0.0 0.8
6 10
1.0 1.0 0.0 0.8
8 10 
1.0 0.5 0.0 0.8
14 9
1.0 0.5 0.0 0.8
14 1
1.0 1.0 0.0 0.8
8 0
1.0 1.0 0.0 0.8
6 0
1.0 1.0 0.0 0.8
4 2

# fire inner
7
7 11
1.0 0.5 0.0 0.8
0 4
1.0 0.5 0.0 0.8
2 4
1.0 0.5 0.0 0.8
4 5
1.0 0.0 0.0 0.8
7 4
1.0 0.0 0.0 0.8
7 2
1.0 0.5 0.0 0.8
4 1
1.0 0.5 0.0 0.8
2 0

