WIDTH = 21
HEIGHT = 21
agent = 12,14
target = 20,2
configuration
010000000100000001000
011111010101110111010
010001010000010000010
010101110111011111110
010100010000000001000
010111011101111111010
010001000101000100000
010101110111010101110
010101010000010001000
011101011111111101011
000001000100000001000
111111110101111101110
000000000100000100010
010111110011110101110
010000010100000100000
111111011101111111010
000000010001000001000
011111010101011101111
000001010100010000010
011101100101110111010
000100000000000100000
