WIDTH = 21
HEIGHT = 21
agent = 8,18
target = 14,14
configuration
010001000000010000000
010111011111010101110
010000000100010101010
011111101101010101010
010000000001000101010
010111111111110101010
010100010000000101010
010001010111011101010
010001000100000101000
011011110101110101011
000100010001000101000
110101010111110101111
010001010100010100000
011011010101010111110
000001010101010000010
011101011101010111110
000101000101010100000
110101110101011101010
010101000101000101000
010101011101110001110
000100000001000001000
